image_width: 640
image_height: 480
camera_name: narrow_stereo
camera_matrix:
  rows: 3
  cols: 3
  data: [717.833054, 0.000000, 312.159512, 0.000000, 720.224747, 252.648149, 0.000000, 0.000000, 1.000000]
distortion_model: plumb_bob
distortion_coefficients:
  rows: 1
  cols: 5
  data: [0.028016, -0.379712, -0.000116, 0.000400, 0.000000]
rectification_matrix:
  rows: 3
  cols: 3
  data: [1.000000, 0.000000, 0.000000, 0.000000, 1.000000, 0.000000, 0.000000, 0.000000, 1.000000]
projection_matrix:
  rows: 3
  cols: 4
  data: [709.523804, 0.000000, 311.428855, 0.000000, 0.000000, 717.513062, 252.255518, 0.000000, 0.000000, 0.000000, 1.000000, 0.000000]
